Approach 1: Policy Iteration
mazeState =

         0         0         0         0         0         0         0         0         0
         0  102.3753  103.2346  104.1012         0 -133.3333   81.3995 -133.3333         0
  100.7010  101.5236         0  104.9751  103.7814   90.9854   93.6717   81.3995         0
         0         0  106.7783  105.8885         0 -133.3333   95.1729 -133.3333         0
         0         0  107.6746         0         0         0  108.3426         0         0
         0  109.4899  108.5785         0         0 -133.3333  109.5837 -133.3333         0
         0  110.4090         0  114.1632  115.1216  116.0879  123.6431  125.2498  133.3333
         0  111.3358  112.2704  113.2129         0  122.0249  123.1822  124.2074         0
         0         0         0         0         0         0         0         0         0


mazeAction =

     1     1     1     1     1     1     1     1     1
     1     3     3     4     1     1     4     1     1
     3     2     1     4     1     1     4     1     1
     1     1     4     1     1     1     4     1     1
     1     1     4     1     1     1     4     1     1
     1     4     1     1     1     1     4     1     1
     1     4     1     3     3     3     3     3     1
     1     3     3     2     1     3     3     2     1
     1     1     1     1     1     1     1     1     1


Approach 2: Value Iteration
mazeState =

         0         0         0         0         0         0         0         0         0
         0  102.3752  103.2346  104.1012         0 -133.3333   81.3995 -133.3333         0
  100.7009  101.5236         0  104.9750  103.7814   90.9853   93.6716   81.3995         0
         0         0  106.7782  105.8885         0 -133.3333   95.1728 -133.3333         0
         0         0  107.6746         0         0         0  108.3426         0         0
         0  109.4899  108.5785         0         0 -133.3333  109.5836 -133.3333         0
         0  110.4090         0  114.1632  115.1215  116.0879  123.6430  125.2498  133.3333
         0  111.3358  112.2704  113.2128         0  122.0249  123.1822  124.2073         0
         0         0         0         0         0         0         0         0         0

mazeAction =

     1     1     1     1     1     1     1     1     1
     1     3     3     4     1     1     4     1     1
     3     2     1     4     1     1     4     1     1
     1     1     4     1     1     1     4     1     1
     1     1     4     1     1     1     4     1     1
     1     4     1     1     1     1     4     1     1
     1     4     1     3     3     3     3     3     1
     1     3     3     2     1     3     3     2     1
     1     1     1     1     1     1     1     1     1